李明浩
[(6, 0.4444444444444444), (14, 0.4444444444444444), (22, 0.4444444444444444), (1, 0.40201512610368484), (2, 0.40201512610368484), (15, 0.40201512610368484), (18, 0.40201512610368484), (19, 0.40201512610368484), (7, 0.30151134457776363), (10, 0.30151134457776363), (11, 0.30151134457776363), (16, 0.30151134457776363), (17, 0.30151134457776363), (20, 0.30151134457776363), (3, 0.20100756305184242), (4, 0.20100756305184242), (5, 0.20100756305184242), (8, 0.20100756305184242), (9, 0.20100756305184242), (12, 0.20100756305184242), (13, 0.20100756305184242), (21, 0.20100756305184242)]
张晓涵
[(1, 0.7272727272727274), (2, 0.7272727272727274), (3, 0.6363636363636365), (4, 0.6363636363636365), (10, 0.6363636363636365), (11, 0.6363636363636365), (18, 0.6363636363636365), (19, 0.6363636363636365), (8, 0.5454545454545455), (9, 0.5454545454545455), (16, 0.5454545454545455), (17, 0.5454545454545455), (5, 0.45454545454545464), (12, 0.45454545454545464), (20, 0.45454545454545464), (21, 0.45454545454545464), (7, 0.3636363636363637), (13, 0.3636363636363637), (15, 0.3636363636363637), (6, 0.20100756305184242), (22, 0.20100756305184242), (14, 0.10050378152592121)]
王伟杰
[(6, 0.8888888888888886), (14, 0.8888888888888886), (22, 0.8888888888888886), (15, 0.6030226891555273), (5, 0.502518907629606), (7, 0.502518907629606), (13, 0.502518907629606), (16, 0.502518907629606), (17, 0.502518907629606), (20, 0.502518907629606), (21, 0.502518907629606), (3, 0.40201512610368484), (4, 0.40201512610368484), (8, 0.40201512610368484), (9, 0.40201512610368484), (12, 0.40201512610368484), (18, 0.40201512610368484), (19, 0.40201512610368484), (1, 0.30151134457776363), (2, 0.30151134457776363), (10, 0.30151134457776363), (11, 0.30151134457776363)]
刘佳怡
[(20, 0.9090909090909093), (12, 0.8181818181818183), (16, 0.8181818181818183), (17, 0.8181818181818183), (21, 0.8181818181818183), (3, 0.7272727272727274), (4, 0.7272727272727274), (8, 0.7272727272727274), (9, 0.7272727272727274), (15, 0.7272727272727274), (18, 0.7272727272727274), (19, 0.7272727272727274), (1, 0.6363636363636365), (5, 0.6363636363636365), (7, 0.6363636363636365), (10, 0.6363636363636365), (11, 0.6363636363636365), (13, 0.6363636363636365), (22, 0.6030226891555273), (2, 0.5454545454545455), (6, 0.40201512610368484), (14, 0.40201512610368484)]
陈志豪
[(6, 0.8888888888888886), (14, 0.7777777777777776), (22, 0.6666666666666665), (3, 0.6030226891555273), (4, 0.6030226891555273), (5, 0.6030226891555273), (7, 0.6030226891555273), (15, 0.6030226891555273), (8, 0.502518907629606), (9, 0.502518907629606), (12, 0.502518907629606), (13, 0.502518907629606), (16, 0.502518907629606), (17, 0.502518907629606), (20, 0.502518907629606), (1, 0.40201512610368484), (2, 0.40201512610368484), (10, 0.40201512610368484), (11, 0.40201512610368484), (18, 0.40201512610368484), (19, 0.40201512610368484), (21, 0.40201512610368484)]
赵雨欣
[(6, 0.6666666666666665), (14, 0.6666666666666665), (22, 0.6666666666666665), (1, 0.502518907629606), (2, 0.502518907629606), (15, 0.502518907629606), (5, 0.40201512610368484), (7, 0.40201512610368484), (13, 0.40201512610368484), (16, 0.40201512610368484), (17, 0.40201512610368484), (20, 0.40201512610368484), (21, 0.40201512610368484), (3, 0.30151134457776363), (4, 0.30151134457776363), (8, 0.30151134457776363), (9, 0.30151134457776363), (12, 0.30151134457776363), (18, 0.30151134457776363), (19, 0.30151134457776363), (10, 0.20100756305184242), (11, 0.20100756305184242)]
黄思睿
[(2, 0.8181818181818183), (1, 0.7272727272727274), (3, 0.6363636363636365), (4, 0.6363636363636365), (5, 0.5454545454545455), (7, 0.5454545454545455), (8, 0.5454545454545455), (9, 0.5454545454545455), (12, 0.5454545454545455), (15, 0.5454545454545455), (16, 0.5454545454545455), (17, 0.5454545454545455), (20, 0.5454545454545455), (21, 0.5454545454545455), (10, 0.45454545454545464), (11, 0.45454545454545464), (13, 0.45454545454545464), (18, 0.45454545454545464), (19, 0.45454545454545464), (6, 0.40201512610368484), (22, 0.40201512610368484), (14, 0.30151134457776363)]
周翔宇
[(5, 0.8181818181818183), (1, 0.7272727272727274), (2, 0.7272727272727274), (3, 0.7272727272727274), (4, 0.7272727272727274), (13, 0.7272727272727274), (7, 0.6363636363636365), (8, 0.6363636363636365), (9, 0.6363636363636365), (15, 0.6363636363636365), (16, 0.6363636363636365), (17, 0.6363636363636365), (21, 0.6363636363636365), (10, 0.5454545454545455), (11, 0.5454545454545455), (12, 0.5454545454545455), (18, 0.5454545454545455), (19, 0.5454545454545455), (20, 0.5454545454545455), (6, 0.502518907629606), (14, 0.40201512610368484), (22, 0.30151134457776363)]
韩梦琪
[(1, 0.9090909090909093), (2, 0.8181818181818183), (5, 0.7272727272727274), (13, 0.6363636363636365), (3, 0.5454545454545455), (4, 0.5454545454545455), (7, 0.5454545454545455), (12, 0.5454545454545455), (15, 0.5454545454545455), (20, 0.5454545454545455), (21, 0.5454545454545455), (8, 0.45454545454545464), (9, 0.45454545454545464), (16, 0.45454545454545464), (17, 0.45454545454545464), (6, 0.40201512610368484), (10, 0.3636363636363637), (11, 0.3636363636363637), (18, 0.3636363636363637), (19, 0.3636363636363637), (14, 0.30151134457776363), (22, 0.20100756305184242)]
高天翔
[(16, 0.8181818181818183), (17, 0.8181818181818183), (20, 0.8181818181818183), (21, 0.8181818181818183), (3, 0.7272727272727274), (4, 0.7272727272727274), (8, 0.7272727272727274), (9, 0.7272727272727274), (12, 0.7272727272727274), (15, 0.7272727272727274), (18, 0.7272727272727274), (19, 0.7272727272727274), (5, 0.6363636363636365), (7, 0.6363636363636365), (10, 0.6363636363636365), (11, 0.6363636363636365), (13, 0.6363636363636365), (1, 0.5454545454545455), (2, 0.5454545454545455), (22, 0.502518907629606), (6, 0.30151134457776363), (14, 0.30151134457776363)]
郭晓峰
[(15, 0.8181818181818183), (2, 0.7272727272727274), (5, 0.7272727272727274), (7, 0.7272727272727274), (13, 0.7272727272727274), (21, 0.7272727272727274), (1, 0.6363636363636365), (16, 0.6363636363636365), (17, 0.6363636363636365), (20, 0.6363636363636365), (3, 0.5454545454545455), (4, 0.5454545454545455), (8, 0.5454545454545455), (9, 0.5454545454545455), (12, 0.5454545454545455), (18, 0.5454545454545455), (19, 0.5454545454545455), (10, 0.45454545454545464), (11, 0.45454545454545464), (6, 0.40201512610368484), (14, 0.40201512610368484), (22, 0.40201512610368484)]
徐子涵
[(7, 0.9090909090909093), (15, 0.9090909090909093), (3, 0.8181818181818183), (4, 0.8181818181818183), (5, 0.8181818181818183), (2, 0.7272727272727274), (8, 0.7272727272727274), (9, 0.7272727272727274), (12, 0.7272727272727274), (13, 0.7272727272727274), (16, 0.7272727272727274), (17, 0.7272727272727274), (20, 0.7272727272727274), (1, 0.6363636363636365), (10, 0.6363636363636365), (11, 0.6363636363636365), (18, 0.6363636363636365), (19, 0.6363636363636365), (21, 0.6363636363636365), (6, 0.6030226891555273), (14, 0.502518907629606), (22, 0.40201512610368484)]
吴思远
[(3, 0.8181818181818183), (4, 0.8181818181818183), (5, 0.8181818181818183), (1, 0.7272727272727274), (2, 0.7272727272727274), (7, 0.7272727272727274), (8, 0.7272727272727274), (9, 0.7272727272727274), (13, 0.7272727272727274), (15, 0.7272727272727274), (16, 0.7272727272727274), (17, 0.7272727272727274), (10, 0.6363636363636365), (11, 0.6363636363636365), (12, 0.6363636363636365), (18, 0.6363636363636365), (19, 0.6363636363636365), (20, 0.6363636363636365), (21, 0.6363636363636365), (6, 0.6030226891555273), (14, 0.502518907629606), (22, 0.40201512610368484)]
何雨薇
[(2, 0.7272727272727274), (1, 0.6363636363636365), (3, 0.6363636363636365), (4, 0.6363636363636365), (10, 0.6363636363636365), (11, 0.6363636363636365), (18, 0.6363636363636365), (19, 0.6363636363636365), (5, 0.5454545454545455), (7, 0.5454545454545455), (8, 0.5454545454545455), (9, 0.5454545454545455), (12, 0.5454545454545455), (15, 0.5454545454545455), (16, 0.5454545454545455), (17, 0.5454545454545455), (20, 0.5454545454545455), (21, 0.5454545454545455), (13, 0.45454545454545464), (6, 0.30151134457776363), (22, 0.30151134457776363), (14, 0.20100756305184242)]
邓文轩
[(16, 0.9090909090909093), (17, 0.9090909090909093), (3, 0.8181818181818183), (4, 0.8181818181818183), (8, 0.8181818181818183), (9, 0.8181818181818183), (18, 0.8181818181818183), (19, 0.8181818181818183), (20, 0.8181818181818183), (10, 0.7272727272727274), (11, 0.7272727272727274), (12, 0.7272727272727274), (15, 0.7272727272727274), (21, 0.7272727272727274), (7, 0.6363636363636365), (1, 0.5454545454545455), (2, 0.5454545454545455), (5, 0.5454545454545455), (13, 0.5454545454545455), (22, 0.502518907629606), (6, 0.30151134457776363), (14, 0.30151134457776363)]
曹梦婷
[(2, 0.7272727272727274), (5, 0.7272727272727274), (1, 0.6363636363636365), (7, 0.6363636363636365), (13, 0.6363636363636365), (15, 0.6363636363636365), (3, 0.5454545454545455), (4, 0.5454545454545455), (10, 0.5454545454545455), (11, 0.5454545454545455), (18, 0.5454545454545455), (19, 0.5454545454545455), (21, 0.5454545454545455), (8, 0.45454545454545464), (9, 0.45454545454545464), (12, 0.45454545454545464), (16, 0.45454545454545464), (17, 0.45454545454545464), (20, 0.45454545454545464), (6, 0.40201512610368484), (14, 0.30151134457776363), (22, 0.20100756305184242)]
沈乐天
[(6, 0.8888888888888886), (14, 0.7777777777777776), (22, 0.6666666666666665), (1, 0.502518907629606), (2, 0.502518907629606), (5, 0.502518907629606), (3, 0.40201512610368484), (4, 0.40201512610368484), (7, 0.40201512610368484), (13, 0.40201512610368484), (15, 0.40201512610368484), (8, 0.30151134457776363), (9, 0.30151134457776363), (12, 0.30151134457776363), (16, 0.30151134457776363), (17, 0.30151134457776363), (20, 0.30151134457776363), (21, 0.30151134457776363), (10, 0.20100756305184242), (11, 0.20100756305184242), (18, 0.20100756305184242), (19, 0.20100756305184242)]
韩俊杰
[(14, 0.6666666666666665), (6, 0.5555555555555555), (22, 0.4444444444444444), (1, 0.40201512610368484), (2, 0.40201512610368484), (7, 0.40201512610368484), (10, 0.40201512610368484), (11, 0.40201512610368484), (13, 0.40201512610368484), (5, 0.30151134457776363), (8, 0.30151134457776363), (9, 0.30151134457776363), (12, 0.30151134457776363), (15, 0.30151134457776363), (18, 0.30151134457776363), (19, 0.30151134457776363), (3, 0.20100756305184242), (4, 0.20100756305184242), (16, 0.20100756305184242), (17, 0.20100756305184242), (20, 0.20100756305184242), (21, 0.20100756305184242)]
罗雅琪
[(15, 0.9090909090909093), (7, 0.8181818181818183), (2, 0.7272727272727274), (5, 0.7272727272727274), (13, 0.7272727272727274), (16, 0.7272727272727274), (17, 0.7272727272727274), (20, 0.7272727272727274), (21, 0.7272727272727274), (1, 0.6363636363636365), (3, 0.6363636363636365), (4, 0.6363636363636365), (8, 0.6363636363636365), (9, 0.6363636363636365), (12, 0.6363636363636365), (18, 0.6363636363636365), (19, 0.6363636363636365), (10, 0.5454545454545455), (11, 0.5454545454545455), (6, 0.502518907629606), (14, 0.502518907629606), (22, 0.502518907629606)]
黎明轩
[(10, 0.7272727272727274), (11, 0.7272727272727274), (7, 0.6363636363636365), (8, 0.6363636363636365), (9, 0.6363636363636365), (13, 0.6363636363636365), (18, 0.6363636363636365), (19, 0.6363636363636365), (1, 0.5454545454545455), (2, 0.5454545454545455), (3, 0.5454545454545455), (4, 0.5454545454545455), (5, 0.5454545454545455), (12, 0.5454545454545455), (15, 0.5454545454545455), (16, 0.5454545454545455), (17, 0.5454545454545455), (14, 0.502518907629606), (20, 0.45454545454545464), (21, 0.45454545454545464), (6, 0.40201512610368484), (22, 0.30151134457776363)]
李莉
[(8, 0.8181818181818183), (9, 0.8181818181818183), (3, 0.7272727272727274), (4, 0.7272727272727274), (10, 0.7272727272727274), (11, 0.7272727272727274), (12, 0.7272727272727274), (16, 0.7272727272727274), (17, 0.7272727272727274), (1, 0.6363636363636365), (2, 0.6363636363636365), (7, 0.6363636363636365), (13, 0.6363636363636365), (18, 0.6363636363636365), (19, 0.6363636363636365), (20, 0.6363636363636365), (21, 0.6363636363636365), (5, 0.5454545454545455), (15, 0.5454545454545455), (14, 0.40201512610368484), (22, 0.40201512610368484), (6, 0.30151134457776363)]
