李明浩
[(12, 0.4444444444444444), (5, 0.4216370213557839), (6, 0.3849001794597506), (7, 0.3849001794597506), (8, 0.3849001794597506), (1, 0.2886751345948129), (10, 0.2886751345948129), (2, 0.2773500981126146), (9, 0.20100756305184242), (11, 0.20100756305184242), (3, 0.19245008972987526), (4, 0.19245008972987526)]
王伟杰
[(12, 0.7777777777777776), (5, 0.7378647873726218), (6, 0.48112522432468824), (11, 0.40201512610368484), (4, 0.3849001794597506), (10, 0.3849001794597506), (2, 0.36980013081681945), (9, 0.30151134457776363), (1, 0.2886751345948129), (3, 0.2886751345948129), (7, 0.2886751345948129), (8, 0.2886751345948129)]
刘佳怡
[(10, 0.9574271077563381), (9, 0.9090909090909093), (2, 0.836242010007091), (11, 0.8181818181818183), (3, 0.7833494518006403), (6, 0.7833494518006403), (7, 0.7833494518006403), (8, 0.7833494518006403), (4, 0.6092717958449425), (12, 0.6030226891555273), (1, 0.5222329678670936), (5, 0.38138503569823695)]
赵雨欣
[(12, 0.6666666666666665), (5, 0.6324555320336759), (1, 0.3849001794597506), (6, 0.3849001794597506), (11, 0.30151134457776363), (4, 0.2886751345948129), (10, 0.2886751345948129), (2, 0.2773500981126146), (9, 0.20100756305184242), (3, 0.19245008972987526), (7, 0.19245008972987526), (8, 0.19245008972987526)]
高天翔
[(11, 0.9090909090909093), (4, 0.6963106238227914), (10, 0.6963106238227914), (2, 0.6689936080056728), (9, 0.6363636363636365), (3, 0.6092717958449425), (6, 0.6092717958449425), (7, 0.6092717958449425), (8, 0.6092717958449425), (12, 0.502518907629606), (1, 0.4351941398892447), (5, 0.2860387767736777)]
郭晓峰
[(6, 0.8703882797784892), (1, 0.6963106238227914), (10, 0.6963106238227914), (2, 0.6689936080056728), (9, 0.6363636363636365), (11, 0.6363636363636365), (3, 0.6092717958449425), (4, 0.6092717958449425), (7, 0.6092717958449425), (8, 0.6092717958449425), (12, 0.40201512610368484), (5, 0.38138503569823695)]
邓文轩
[(10, 0.9574271077563381), (2, 0.9198662110078001), (3, 0.8703882797784892), (7, 0.8703882797784892), (8, 0.8703882797784892), (9, 0.8181818181818183), (11, 0.8181818181818183), (6, 0.7833494518006403), (4, 0.6092717958449425), (12, 0.6030226891555273), (1, 0.4351941398892447), (5, 0.38138503569823695)]
罗雅琪
[(6, 0.9574271077563381), (10, 0.7833494518006403), (2, 0.7526178090063819), (9, 0.7272727272727274), (11, 0.7272727272727274), (3, 0.6963106238227914), (4, 0.6963106238227914), (7, 0.6963106238227914), (8, 0.6963106238227914), (1, 0.6092717958449425), (12, 0.502518907629606), (5, 0.4767312946227962)]
谭又菡
[(11, 0.8181818181818183), (4, 0.7833494518006403), (6, 0.6963106238227914), (10, 0.6092717958449425), (2, 0.5853694070049636), (9, 0.5454545454545455), (1, 0.5222329678670936), (3, 0.5222329678670936), (7, 0.5222329678670936), (8, 0.5222329678670936), (12, 0.40201512610368484), (5, 0.38138503569823695)]
郑凌雪
[(11, 0.8181818181818183), (4, 0.7833494518006403), (6, 0.6963106238227914), (10, 0.6092717958449425), (2, 0.5853694070049636), (9, 0.5454545454545455), (1, 0.5222329678670936), (3, 0.5222329678670936), (7, 0.5222329678670936), (8, 0.5222329678670936), (12, 0.40201512610368484), (5, 0.38138503569823695)]
程纯雪
[(6, 0.8703882797784892), (10, 0.8703882797784892), (2, 0.836242010007091), (9, 0.8181818181818183), (11, 0.8181818181818183), (3, 0.7833494518006403), (7, 0.7833494518006403), (8, 0.7833494518006403), (4, 0.6092717958449425), (12, 0.6030226891555273), (1, 0.5222329678670936), (5, 0.38138503569823695)]
董泓茹
[(7, 0.9574271077563381), (8, 0.9574271077563381), (10, 0.8703882797784892), (2, 0.836242010007091), (3, 0.7833494518006403), (9, 0.7272727272727274), (11, 0.7272727272727274), (6, 0.6963106238227914), (4, 0.5222329678670936), (12, 0.502518907629606), (1, 0.34815531191139576), (5, 0.2860387767736777)]
郭苏凌
[(10, 0.9574271077563381), (2, 0.9198662110078001), (3, 0.8703882797784892), (7, 0.8703882797784892), (8, 0.8703882797784892), (9, 0.8181818181818183), (11, 0.8181818181818183), (6, 0.7833494518006403), (4, 0.6092717958449425), (12, 0.6030226891555273), (1, 0.4351941398892447), (5, 0.38138503569823695)]
康如馨
[(6, 0.8703882797784892), (10, 0.8703882797784892), (2, 0.836242010007091), (9, 0.8181818181818183), (11, 0.8181818181818183), (3, 0.7833494518006403), (7, 0.7833494518006403), (8, 0.7833494518006403), (4, 0.6092717958449425), (12, 0.6030226891555273), (1, 0.5222329678670936), (5, 0.38138503569823695)]
康綪纶
[(7, 0.8703882797784892), (8, 0.8703882797784892), (10, 0.7833494518006403), (2, 0.7526178090063819), (3, 0.6963106238227914), (9, 0.6363636363636365), (11, 0.6363636363636365), (6, 0.6092717958449425), (1, 0.4351941398892447), (4, 0.4351941398892447), (12, 0.40201512610368484), (5, 0.19069251784911848)]
沈新林
[(10, 0.9574271077563381), (2, 0.9198662110078001), (3, 0.8703882797784892), (7, 0.8703882797784892), (8, 0.8703882797784892), (9, 0.8181818181818183), (11, 0.8181818181818183), (6, 0.7833494518006403), (4, 0.6092717958449425), (12, 0.6030226891555273), (1, 0.4351941398892447), (5, 0.38138503569823695)]
林雪枫
[(10, 0.9574271077563381), (9, 0.9090909090909093), (2, 0.836242010007091), (11, 0.8181818181818183), (3, 0.7833494518006403), (6, 0.7833494518006403), (7, 0.7833494518006403), (8, 0.7833494518006403), (4, 0.6092717958449425), (12, 0.6030226891555273), (1, 0.5222329678670936), (5, 0.38138503569823695)]
董含卉
[(7, 0.9574271077563381), (8, 0.9574271077563381), (10, 0.8703882797784892), (2, 0.836242010007091), (3, 0.7833494518006403), (9, 0.7272727272727274), (11, 0.7272727272727274), (6, 0.6963106238227914), (4, 0.5222329678670936), (12, 0.502518907629606), (1, 0.34815531191139576), (5, 0.2860387767736777)]
武韦茹
[(6, 0.8703882797784892), (10, 0.8703882797784892), (2, 0.836242010007091), (9, 0.8181818181818183), (11, 0.8181818181818183), (3, 0.7833494518006403), (7, 0.7833494518006403), (8, 0.7833494518006403), (4, 0.6092717958449425), (12, 0.6030226891555273), (1, 0.5222329678670936), (5, 0.38138503569823695)]
孙健柏
[(11, 0.8181818181818183), (4, 0.7833494518006403), (6, 0.6963106238227914), (10, 0.6092717958449425), (2, 0.5853694070049636), (9, 0.5454545454545455), (1, 0.5222329678670936), (3, 0.5222329678670936), (7, 0.5222329678670936), (8, 0.5222329678670936), (12, 0.40201512610368484), (5, 0.38138503569823695)]
尹嘉木
[(10, 0.9574271077563381), (2, 0.9198662110078001), (3, 0.8703882797784892), (7, 0.8703882797784892), (8, 0.8703882797784892), (9, 0.8181818181818183), (11, 0.8181818181818183), (6, 0.7833494518006403), (4, 0.6092717958449425), (12, 0.6030226891555273), (1, 0.4351941398892447), (5, 0.38138503569823695)]
范兴旺
[(10, 0.9574271077563381), (2, 0.9198662110078001), (3, 0.8703882797784892), (7, 0.8703882797784892), (8, 0.8703882797784892), (9, 0.8181818181818183), (11, 0.8181818181818183), (6, 0.7833494518006403), (4, 0.6092717958449425), (12, 0.6030226891555273), (1, 0.4351941398892447), (5, 0.38138503569823695)]
赵兴怀
[(7, 0.7833494518006403), (8, 0.7833494518006403), (10, 0.7833494518006403), (9, 0.7272727272727274), (2, 0.6689936080056728), (11, 0.6363636363636365), (3, 0.6092717958449425), (6, 0.6092717958449425), (1, 0.5222329678670936), (4, 0.4351941398892447), (12, 0.40201512610368484), (5, 0.19069251784911848)]
周明知
[(10, 0.9574271077563381), (2, 0.9198662110078001), (3, 0.8703882797784892), (7, 0.8703882797784892), (8, 0.8703882797784892), (9, 0.8181818181818183), (11, 0.8181818181818183), (6, 0.7833494518006403), (4, 0.6092717958449425), (12, 0.6030226891555273), (1, 0.4351941398892447), (5, 0.38138503569823695)]
黎项禹
[(7, 0.9574271077563381), (8, 0.9574271077563381), (10, 0.8703882797784892), (2, 0.836242010007091), (3, 0.7833494518006403), (9, 0.7272727272727274), (11, 0.7272727272727274), (6, 0.6963106238227914), (4, 0.5222329678670936), (12, 0.502518907629606), (1, 0.34815531191139576), (5, 0.2860387767736777)]
黄开畅
[(6, 0.8703882797784892), (10, 0.8703882797784892), (2, 0.836242010007091), (9, 0.8181818181818183), (11, 0.8181818181818183), (3, 0.7833494518006403), (7, 0.7833494518006403), (8, 0.7833494518006403), (4, 0.6092717958449425), (12, 0.6030226891555273), (1, 0.5222329678670936), (5, 0.38138503569823695)]
程高丽
[(10, 0.9574271077563381), (2, 0.9198662110078001), (3, 0.8703882797784892), (7, 0.8703882797784892), (8, 0.8703882797784892), (9, 0.8181818181818183), (11, 0.8181818181818183), (6, 0.7833494518006403), (4, 0.6092717958449425), (12, 0.6030226891555273), (1, 0.4351941398892447), (5, 0.38138503569823695)]
潘修德
[(6, 0.9574271077563381), (10, 0.7833494518006403), (2, 0.7526178090063819), (9, 0.7272727272727274), (11, 0.7272727272727274), (3, 0.6963106238227914), (4, 0.6963106238227914), (7, 0.6963106238227914), (8, 0.6963106238227914), (1, 0.6092717958449425), (12, 0.502518907629606), (5, 0.4767312946227962)]
彭涵畅
[(11, 0.9090909090909093), (4, 0.8703882797784892), (6, 0.7833494518006403), (10, 0.6963106238227914), (2, 0.6689936080056728), (9, 0.6363636363636365), (3, 0.6092717958449425), (7, 0.6092717958449425), (8, 0.6092717958449425), (1, 0.5222329678670936), (12, 0.502518907629606), (5, 0.4767312946227962)]
许正雅
[(6, 0.8703882797784892), (10, 0.8703882797784892), (9, 0.8181818181818183), (2, 0.7526178090063819), (11, 0.7272727272727274), (3, 0.6963106238227914), (4, 0.6963106238227914), (7, 0.6963106238227914), (8, 0.6963106238227914), (1, 0.6092717958449425), (12, 0.502518907629606), (5, 0.4767312946227962)]
韩俊杰
[(5, 0.8432740427115678), (12, 0.6666666666666665), (4, 0.48112522432468824), (6, 0.48112522432468824), (9, 0.40201512610368484), (3, 0.3849001794597506), (2, 0.36980013081681945), (11, 0.30151134457776363), (1, 0.2886751345948129), (7, 0.2886751345948129), (8, 0.2886751345948129), (10, 0.2886751345948129)]
黎明轩
[(7, 0.8703882797784892), (8, 0.8703882797784892), (3, 0.7833494518006403), (6, 0.7833494518006403), (2, 0.7526178090063819), (9, 0.7272727272727274), (4, 0.6963106238227914), (10, 0.6963106238227914), (11, 0.5454545454545455), (5, 0.4767312946227962), (1, 0.4351941398892447), (12, 0.30151134457776363)]
李莉
[(3, 0.9574271077563381), (2, 0.9198662110078001), (9, 0.9090909090909093), (7, 0.8703882797784892), (8, 0.8703882797784892), (10, 0.8703882797784892), (6, 0.7833494518006403), (11, 0.7272727272727274), (4, 0.6963106238227914), (12, 0.502518907629606), (5, 0.4767312946227962), (1, 0.4351941398892447)]
顾荷珠
[(3, 0.9574271077563381), (2, 0.9198662110078001), (9, 0.9090909090909093), (7, 0.8703882797784892), (8, 0.8703882797784892), (10, 0.8703882797784892), (6, 0.7833494518006403), (11, 0.7272727272727274), (4, 0.6963106238227914), (12, 0.502518907629606), (5, 0.4767312946227962), (1, 0.4351941398892447)]
杨荷珠
[(9, 1.0000000000000002), (3, 0.8703882797784892), (10, 0.8703882797784892), (2, 0.836242010007091), (6, 0.7833494518006403), (7, 0.7833494518006403), (8, 0.7833494518006403), (11, 0.7272727272727274), (4, 0.6963106238227914), (1, 0.5222329678670936), (12, 0.502518907629606), (5, 0.4767312946227962)]
郑凝蕊
[(7, 0.9574271077563381), (8, 0.9574271077563381), (3, 0.8703882797784892), (2, 0.836242010007091), (9, 0.8181818181818183), (10, 0.7833494518006403), (6, 0.6963106238227914), (11, 0.6363636363636365), (4, 0.6092717958449425), (12, 0.40201512610368484), (5, 0.38138503569823695), (1, 0.34815531191139576)]
杜慕诗
[(9, 1.0000000000000002), (3, 0.8703882797784892), (10, 0.8703882797784892), (2, 0.836242010007091), (6, 0.7833494518006403), (7, 0.7833494518006403), (8, 0.7833494518006403), (11, 0.7272727272727274), (4, 0.6963106238227914), (1, 0.5222329678670936), (12, 0.502518907629606), (5, 0.4767312946227962)]
林丝娜
[(5, 0.762770071396474), (4, 0.6092717958449425), (6, 0.6092717958449425), (12, 0.6030226891555273), (9, 0.5454545454545455), (3, 0.5222329678670936), (2, 0.5017452060042545), (11, 0.45454545454545464), (1, 0.4351941398892447), (7, 0.4351941398892447), (8, 0.4351941398892447), (10, 0.4351941398892447)]
郑寄凡
[(9, 1.0000000000000002), (3, 0.8703882797784892), (10, 0.8703882797784892), (2, 0.836242010007091), (6, 0.7833494518006403), (7, 0.7833494518006403), (8, 0.7833494518006403), (11, 0.7272727272727274), (4, 0.6963106238227914), (1, 0.5222329678670936), (12, 0.502518907629606), (5, 0.4767312946227962)]
漕暖瞳
[(9, 1.0000000000000002), (3, 0.8703882797784892), (10, 0.8703882797784892), (2, 0.836242010007091), (6, 0.7833494518006403), (7, 0.7833494518006403), (8, 0.7833494518006403), (11, 0.7272727272727274), (4, 0.6963106238227914), (1, 0.5222329678670936), (12, 0.502518907629606), (5, 0.4767312946227962)]
傅欣欣
[(9, 0.9090909090909093), (3, 0.7833494518006403), (10, 0.7833494518006403), (2, 0.7526178090063819), (6, 0.6963106238227914), (7, 0.6963106238227914), (8, 0.6963106238227914), (11, 0.6363636363636365), (4, 0.6092717958449425), (12, 0.6030226891555273), (5, 0.5720775535473555), (1, 0.4351941398892447)]
黎嫔然
[(9, 0.9090909090909093), (3, 0.8703882797784892), (6, 0.8703882797784892), (2, 0.836242010007091), (7, 0.7833494518006403), (8, 0.7833494518006403), (10, 0.7833494518006403), (11, 0.7272727272727274), (4, 0.6963106238227914), (1, 0.5222329678670936), (12, 0.502518907629606), (5, 0.4767312946227962)]
吕洛灵
[(9, 0.9090909090909093), (3, 0.8703882797784892), (6, 0.8703882797784892), (2, 0.836242010007091), (7, 0.7833494518006403), (8, 0.7833494518006403), (10, 0.7833494518006403), (11, 0.7272727272727274), (4, 0.6963106238227914), (1, 0.5222329678670936), (12, 0.502518907629606), (5, 0.4767312946227962)]
阎水桃
[(5, 0.9486832980505138), (12, 0.7777777777777776), (4, 0.5773502691896258), (6, 0.5773502691896258), (9, 0.502518907629606), (3, 0.48112522432468824), (2, 0.4622501635210243), (11, 0.40201512610368484), (7, 0.3849001794597506), (8, 0.3849001794597506), (10, 0.3849001794597506), (1, 0.2886751345948129)]
崔梓燕
[(12, 0.8040302522073697), (5, 0.762770071396474), (9, 0.7272727272727274), (3, 0.6963106238227914), (2, 0.6689936080056728), (11, 0.6363636363636365), (4, 0.6092717958449425), (6, 0.6092717958449425), (7, 0.6092717958449425), (8, 0.6092717958449425), (10, 0.6092717958449425), (1, 0.34815531191139576)]
方浩大
[(9, 0.9090909090909093), (3, 0.7833494518006403), (10, 0.7833494518006403), (2, 0.7526178090063819), (6, 0.6963106238227914), (7, 0.6963106238227914), (8, 0.6963106238227914), (11, 0.6363636363636365), (1, 0.6092717958449425), (4, 0.6092717958449425), (12, 0.40201512610368484), (5, 0.38138503569823695)]
李嘉澍
[(9, 1.0000000000000002), (3, 0.8703882797784892), (10, 0.8703882797784892), (2, 0.836242010007091), (6, 0.7833494518006403), (7, 0.7833494518006403), (8, 0.7833494518006403), (11, 0.7272727272727274), (4, 0.6963106238227914), (1, 0.5222329678670936), (12, 0.502518907629606), (5, 0.4767312946227962)]
邓阳曜
[(12, 0.8888888888888886), (5, 0.8432740427115678), (9, 0.6030226891555273), (3, 0.5773502691896258), (2, 0.5547001962252291), (11, 0.502518907629606), (4, 0.48112522432468824), (6, 0.48112522432468824), (7, 0.48112522432468824), (8, 0.48112522432468824), (10, 0.48112522432468824), (1, 0.19245008972987526)]
黄俊艾
[(9, 0.9090909090909093), (3, 0.8703882797784892), (6, 0.8703882797784892), (2, 0.836242010007091), (7, 0.7833494518006403), (8, 0.7833494518006403), (10, 0.7833494518006403), (11, 0.7272727272727274), (4, 0.6963106238227914), (1, 0.5222329678670936), (12, 0.502518907629606), (5, 0.4767312946227962)]
刘飞语
[(7, 0.8703882797784892), (8, 0.8703882797784892), (3, 0.7833494518006403), (2, 0.7526178090063819), (9, 0.7272727272727274), (10, 0.6963106238227914), (6, 0.6092717958449425), (11, 0.5454545454545455), (4, 0.5222329678670936), (1, 0.4351941398892447), (12, 0.30151134457776363), (5, 0.2860387767736777)]
康飞舟
[(3, 0.9574271077563381), (2, 0.9198662110078001), (9, 0.9090909090909093), (7, 0.8703882797784892), (8, 0.8703882797784892), (10, 0.8703882797784892), (6, 0.7833494518006403), (11, 0.7272727272727274), (4, 0.6963106238227914), (12, 0.502518907629606), (5, 0.4767312946227962), (1, 0.4351941398892447)]
宋鸿宝
[(9, 1.0000000000000002), (3, 0.8703882797784892), (10, 0.8703882797784892), (2, 0.836242010007091), (6, 0.7833494518006403), (7, 0.7833494518006403), (8, 0.7833494518006403), (11, 0.7272727272727274), (4, 0.6963106238227914), (1, 0.5222329678670936), (12, 0.502518907629606), (5, 0.4767312946227962)]
朱星阑
[(5, 0.9486832980505138), (12, 0.7777777777777776), (4, 0.5773502691896258), (6, 0.5773502691896258), (9, 0.502518907629606), (3, 0.48112522432468824), (2, 0.4622501635210243), (11, 0.40201512610368484), (7, 0.3849001794597506), (8, 0.3849001794597506), (10, 0.3849001794597506), (1, 0.2886751345948129)]
毛乐山
[(5, 0.9486832980505138), (12, 0.7777777777777776), (4, 0.5773502691896258), (6, 0.5773502691896258), (9, 0.502518907629606), (3, 0.48112522432468824), (2, 0.4622501635210243), (11, 0.40201512610368484), (7, 0.3849001794597506), (8, 0.3849001794597506), (10, 0.3849001794597506), (1, 0.2886751345948129)]
高子晋
[(11, 0.8181818181818183), (4, 0.7833494518006403), (9, 0.7272727272727274), (3, 0.6963106238227914), (2, 0.6689936080056728), (6, 0.6092717958449425), (7, 0.6092717958449425), (8, 0.6092717958449425), (10, 0.6092717958449425), (1, 0.4351941398892447), (12, 0.40201512610368484), (5, 0.38138503569823695)]
龙宜然
[(9, 1.0000000000000002), (3, 0.8703882797784892), (10, 0.8703882797784892), (2, 0.836242010007091), (6, 0.7833494518006403), (7, 0.7833494518006403), (8, 0.7833494518006403), (11, 0.7272727272727274), (4, 0.6963106238227914), (1, 0.5222329678670936), (12, 0.502518907629606), (5, 0.4767312946227962)]
卢阳曦
[(5, 0.8581163303210333), (12, 0.7035264706814485), (4, 0.6963106238227914), (6, 0.6963106238227914), (9, 0.6363636363636365), (3, 0.6092717958449425), (2, 0.5853694070049636), (11, 0.5454545454545455), (7, 0.5222329678670936), (8, 0.5222329678670936), (10, 0.5222329678670936), (1, 0.4351941398892447)]
胡伟茂
[(9, 1.0000000000000002), (3, 0.8703882797784892), (10, 0.8703882797784892), (2, 0.836242010007091), (6, 0.7833494518006403), (7, 0.7833494518006403), (8, 0.7833494518006403), (11, 0.7272727272727274), (4, 0.6963106238227914), (1, 0.5222329678670936), (12, 0.502518907629606), (5, 0.4767312946227962)]
汪高飞
[(7, 0.8703882797784892), (8, 0.8703882797784892), (9, 0.8181818181818183), (3, 0.7833494518006403), (6, 0.7833494518006403), (2, 0.7526178090063819), (10, 0.6963106238227914), (11, 0.6363636363636365), (4, 0.6092717958449425), (1, 0.4351941398892447), (12, 0.40201512610368484), (5, 0.38138503569823695)]
白俊悟
[(3, 0.9574271077563381), (2, 0.9198662110078001), (9, 0.9090909090909093), (7, 0.8703882797784892), (8, 0.8703882797784892), (10, 0.8703882797784892), (6, 0.7833494518006403), (11, 0.7272727272727274), (4, 0.6963106238227914), (12, 0.502518907629606), (5, 0.4767312946227962), (1, 0.4351941398892447)]
张晓涵
[(3, 0.7833494518006403), (2, 0.7526178090063819), (1, 0.6963106238227914), (10, 0.6963106238227914), (9, 0.6363636363636365), (7, 0.6092717958449425), (8, 0.6092717958449425), (11, 0.5454545454545455), (4, 0.5222329678670936), (6, 0.5222329678670936), (12, 0.30151134457776363), (5, 0.2860387767736777)]
陈志豪
[(5, 0.9486832980505138), (12, 0.7777777777777776), (4, 0.5773502691896258), (3, 0.48112522432468824), (6, 0.48112522432468824), (2, 0.4622501635210243), (9, 0.40201512610368484), (11, 0.40201512610368484), (1, 0.3849001794597506), (10, 0.3849001794597506), (7, 0.2886751345948129), (8, 0.2886751345948129)]
黄思睿
[(1, 0.8703882797784892), (3, 0.6092717958449425), (2, 0.5853694070049636), (9, 0.5454545454545455), (11, 0.5454545454545455), (4, 0.5222329678670936), (6, 0.5222329678670936), (10, 0.5222329678670936), (7, 0.4351941398892447), (8, 0.4351941398892447), (12, 0.30151134457776363), (5, 0.2860387767736777)]
周翔宇
[(3, 0.8703882797784892), (2, 0.836242010007091), (10, 0.7833494518006403), (9, 0.7272727272727274), (7, 0.6963106238227914), (8, 0.6963106238227914), (11, 0.6363636363636365), (1, 0.6092717958449425), (4, 0.6092717958449425), (6, 0.6092717958449425), (12, 0.40201512610368484), (5, 0.38138503569823695)]
韩梦琪
[(1, 0.9574271077563381), (4, 0.6092717958449425), (9, 0.5454545454545455), (3, 0.5222329678670936), (6, 0.5222329678670936), (10, 0.5222329678670936), (2, 0.5017452060042545), (11, 0.45454545454545464), (5, 0.38138503569823695), (7, 0.34815531191139576), (8, 0.34815531191139576), (12, 0.20100756305184242)]
徐子涵
[(1, 0.7833494518006403), (4, 0.7833494518006403), (6, 0.7833494518006403), (3, 0.6963106238227914), (2, 0.6689936080056728), (9, 0.6363636363636365), (11, 0.6363636363636365), (10, 0.6092717958449425), (5, 0.5720775535473555), (7, 0.5222329678670936), (8, 0.5222329678670936), (12, 0.40201512610368484)]
吴思远
[(3, 0.9574271077563381), (2, 0.9198662110078001), (10, 0.8703882797784892), (9, 0.8181818181818183), (7, 0.7833494518006403), (8, 0.7833494518006403), (11, 0.7272727272727274), (4, 0.6963106238227914), (6, 0.6963106238227914), (1, 0.5222329678670936), (12, 0.502518907629606), (5, 0.4767312946227962)]
何雨薇
[(1, 0.8703882797784892), (4, 0.6963106238227914), (9, 0.6363636363636365), (3, 0.6092717958449425), (6, 0.6092717958449425), (10, 0.6092717958449425), (2, 0.5853694070049636), (11, 0.5454545454545455), (5, 0.4767312946227962), (7, 0.4351941398892447), (8, 0.4351941398892447), (12, 0.30151134457776363)]
曹梦婷
[(1, 0.8703882797784892), (4, 0.6963106238227914), (6, 0.6963106238227914), (3, 0.6092717958449425), (2, 0.5853694070049636), (9, 0.5454545454545455), (11, 0.5454545454545455), (10, 0.5222329678670936), (5, 0.4767312946227962), (7, 0.4351941398892447), (8, 0.4351941398892447), (12, 0.30151134457776363)]
沈乐天
[(5, 0.9486832980505138), (12, 0.7777777777777776), (4, 0.5773502691896258), (3, 0.48112522432468824), (6, 0.48112522432468824), (2, 0.4622501635210243), (9, 0.40201512610368484), (11, 0.40201512610368484), (1, 0.3849001794597506), (10, 0.3849001794597506), (7, 0.2886751345948129), (8, 0.2886751345948129)]
范怡然
[(3, 0.9574271077563381), (2, 0.9198662110078001), (10, 0.8703882797784892), (9, 0.8181818181818183), (7, 0.7833494518006403), (8, 0.7833494518006403), (11, 0.7272727272727274), (4, 0.6963106238227914), (6, 0.6963106238227914), (1, 0.5222329678670936), (12, 0.502518907629606), (5, 0.4767312946227962)]
康庆霞
[(3, 0.8703882797784892), (2, 0.836242010007091), (4, 0.7833494518006403), (6, 0.7833494518006403), (10, 0.7833494518006403), (9, 0.7272727272727274), (7, 0.6963106238227914), (8, 0.6963106238227914), (11, 0.6363636363636365), (1, 0.6092717958449425), (5, 0.5720775535473555), (12, 0.40201512610368484)]
汤代曼
[(1, 0.9574271077563381), (4, 0.6092717958449425), (6, 0.6092717958449425), (3, 0.5222329678670936), (2, 0.5017452060042545), (9, 0.45454545454545464), (11, 0.45454545454545464), (10, 0.4351941398892447), (5, 0.38138503569823695), (7, 0.34815531191139576), (8, 0.34815531191139576), (12, 0.20100756305184242)]
赖水云
[(4, 0.9574271077563381), (11, 0.8181818181818183), (3, 0.6963106238227914), (6, 0.6963106238227914), (2, 0.6689936080056728), (9, 0.6363636363636365), (1, 0.6092717958449425), (10, 0.6092717958449425), (5, 0.5720775535473555), (7, 0.5222329678670936), (8, 0.5222329678670936), (12, 0.40201512610368484)]
于吉玉
[(3, 0.9574271077563381), (2, 0.9198662110078001), (10, 0.8703882797784892), (9, 0.8181818181818183), (7, 0.7833494518006403), (8, 0.7833494518006403), (11, 0.7272727272727274), (4, 0.6963106238227914), (6, 0.6963106238227914), (1, 0.5222329678670936), (12, 0.502518907629606), (5, 0.4767312946227962)]
赖欣颖
[(5, 0.9486832980505138), (12, 0.7777777777777776), (4, 0.5773502691896258), (3, 0.48112522432468824), (6, 0.48112522432468824), (2, 0.4622501635210243), (9, 0.40201512610368484), (11, 0.40201512610368484), (1, 0.3849001794597506), (10, 0.3849001794597506), (7, 0.2886751345948129), (8, 0.2886751345948129)]
韩森莉
[(1, 0.9574271077563381), (4, 0.6092717958449425), (6, 0.6092717958449425), (3, 0.5222329678670936), (2, 0.5017452060042545), (9, 0.45454545454545464), (11, 0.45454545454545464), (10, 0.4351941398892447), (5, 0.38138503569823695), (7, 0.34815531191139576), (8, 0.34815531191139576), (12, 0.20100756305184242)]
唐芝兰
[(1, 0.9574271077563381), (4, 0.6092717958449425), (9, 0.5454545454545455), (3, 0.5222329678670936), (6, 0.5222329678670936), (10, 0.5222329678670936), (2, 0.5017452060042545), (11, 0.45454545454545464), (5, 0.38138503569823695), (7, 0.34815531191139576), (8, 0.34815531191139576), (12, 0.20100756305184242)]
陆新巧
[(5, 0.8432740427115678), (4, 0.6735753140545635), (12, 0.6666666666666665), (3, 0.5773502691896258), (6, 0.5773502691896258), (2, 0.5547001962252291), (9, 0.502518907629606), (11, 0.502518907629606), (1, 0.48112522432468824), (10, 0.48112522432468824), (7, 0.3849001794597506), (8, 0.3849001794597506)]
姚书兰
[(1, 0.8703882797784892), (4, 0.6963106238227914), (6, 0.6963106238227914), (3, 0.6092717958449425), (2, 0.5853694070049636), (9, 0.5454545454545455), (11, 0.5454545454545455), (10, 0.5222329678670936), (5, 0.4767312946227962), (7, 0.4351941398892447), (8, 0.4351941398892447), (12, 0.30151134457776363)]
侯怀亦
[(4, 0.7833494518006403), (11, 0.6363636363636365), (5, 0.5720775535473555), (1, 0.5222329678670936), (3, 0.5222329678670936), (6, 0.5222329678670936), (2, 0.5017452060042545), (9, 0.45454545454545464), (10, 0.4351941398892447), (12, 0.40201512610368484), (7, 0.34815531191139576), (8, 0.34815531191139576)]
蒋悠素
[(5, 0.8581163303210333), (12, 0.7035264706814485), (4, 0.6963106238227914), (3, 0.6092717958449425), (6, 0.6092717958449425), (2, 0.5853694070049636), (9, 0.5454545454545455), (11, 0.5454545454545455), (1, 0.5222329678670936), (10, 0.5222329678670936), (7, 0.4351941398892447), (8, 0.4351941398892447)]
方涵意
[(1, 0.8703882797784892), (4, 0.6963106238227914), (6, 0.6963106238227914), (3, 0.6092717958449425), (2, 0.5853694070049636), (9, 0.5454545454545455), (11, 0.5454545454545455), (10, 0.5222329678670936), (5, 0.4767312946227962), (7, 0.4351941398892447), (8, 0.4351941398892447), (12, 0.30151134457776363)]
顾子平
[(4, 0.9574271077563381), (11, 0.8181818181818183), (3, 0.6963106238227914), (6, 0.6963106238227914), (2, 0.6689936080056728), (9, 0.6363636363636365), (1, 0.6092717958449425), (10, 0.6092717958449425), (5, 0.5720775535473555), (7, 0.5222329678670936), (8, 0.5222329678670936), (12, 0.40201512610368484)]
杨高卓
[(3, 0.9574271077563381), (2, 0.9198662110078001), (10, 0.8703882797784892), (9, 0.8181818181818183), (7, 0.7833494518006403), (8, 0.7833494518006403), (11, 0.7272727272727274), (4, 0.6963106238227914), (6, 0.6963106238227914), (1, 0.5222329678670936), (12, 0.502518907629606), (5, 0.4767312946227962)]
蔡和正
[(5, 0.762770071396474), (4, 0.6092717958449425), (12, 0.6030226891555273), (1, 0.5222329678670936), (3, 0.5222329678670936), (6, 0.5222329678670936), (2, 0.5017452060042545), (9, 0.45454545454545464), (11, 0.45454545454545464), (10, 0.4351941398892447), (7, 0.34815531191139576), (8, 0.34815531191139576)]
徐正德
[(3, 0.9574271077563381), (2, 0.9198662110078001), (10, 0.8703882797784892), (9, 0.8181818181818183), (7, 0.7833494518006403), (8, 0.7833494518006403), (11, 0.7272727272727274), (4, 0.6963106238227914), (6, 0.6963106238227914), (1, 0.5222329678670936), (12, 0.502518907629606), (5, 0.4767312946227962)]
白奇致
[(5, 0.762770071396474), (4, 0.6092717958449425), (12, 0.6030226891555273), (1, 0.5222329678670936), (3, 0.5222329678670936), (6, 0.5222329678670936), (2, 0.5017452060042545), (9, 0.45454545454545464), (11, 0.45454545454545464), (10, 0.4351941398892447), (7, 0.34815531191139576), (8, 0.34815531191139576)]
高永望
[(5, 0.8432740427115678), (12, 0.6666666666666665), (4, 0.48112522432468824), (1, 0.3849001794597506), (3, 0.3849001794597506), (6, 0.3849001794597506), (2, 0.36980013081681945), (9, 0.30151134457776363), (11, 0.30151134457776363), (10, 0.2886751345948129), (7, 0.19245008972987526), (8, 0.19245008972987526)]
孟哲茂
[(1, 0.8703882797784892), (4, 0.6963106238227914), (6, 0.6963106238227914), (3, 0.6092717958449425), (2, 0.5853694070049636), (9, 0.5454545454545455), (11, 0.5454545454545455), (10, 0.5222329678670936), (5, 0.4767312946227962), (7, 0.4351941398892447), (8, 0.4351941398892447), (12, 0.30151134457776363)]

进程已结束，退出代码为 0
