李明浩
[(12, 0.4444444444444444), (5, 0.4216370213557839), (1, 0.3849001794597506), (6, 0.3849001794597506), (7, 0.3849001794597506), (8, 0.3849001794597506), (10, 0.2886751345948129), (2, 0.2773500981126146), (9, 0.20100756305184242), (11, 0.20100756305184242), (3, 0.19245008972987526), (4, 0.19245008972987526)]
张晓涵
[(1, 0.6963106238227914), (3, 0.6092717958449425), (7, 0.6092717958449425), (8, 0.6092717958449425), (2, 0.5853694070049636), (10, 0.5222329678670936), (9, 0.45454545454545464), (11, 0.45454545454545464), (4, 0.4351941398892447), (6, 0.34815531191139576), (12, 0.20100756305184242), (5, 0.19069251784911848)]
王伟杰
[(12, 0.8888888888888886), (5, 0.8432740427115678), (6, 0.5773502691896258), (11, 0.502518907629606), (4, 0.48112522432468824), (10, 0.48112522432468824), (2, 0.4622501635210243), (9, 0.40201512610368484), (3, 0.3849001794597506), (7, 0.3849001794597506), (8, 0.3849001794597506), (1, 0.2886751345948129)]
刘佳怡
[(10, 0.8703882797784892), (9, 0.8181818181818183), (11, 0.8181818181818183), (2, 0.7526178090063819), (3, 0.6963106238227914), (6, 0.6963106238227914), (7, 0.6963106238227914), (8, 0.6963106238227914), (1, 0.6092717958449425), (4, 0.6092717958449425), (12, 0.6030226891555273), (5, 0.38138503569823695)]
陈志豪
[(5, 0.8432740427115678), (12, 0.6666666666666665), (3, 0.5773502691896258), (4, 0.5773502691896258), (6, 0.5773502691896258), (2, 0.5547001962252291), (9, 0.502518907629606), (10, 0.48112522432468824), (11, 0.40201512610368484), (1, 0.3849001794597506), (7, 0.3849001794597506), (8, 0.3849001794597506)]
赵雨欣
[(12, 0.6666666666666665), (5, 0.6324555320336759), (1, 0.48112522432468824), (6, 0.48112522432468824), (11, 0.40201512610368484), (4, 0.3849001794597506), (10, 0.3849001794597506), (2, 0.36980013081681945), (9, 0.30151134457776363), (3, 0.2886751345948129), (7, 0.2886751345948129), (8, 0.2886751345948129)]
黄思睿
[(1, 0.7833494518006403), (3, 0.6092717958449425), (2, 0.5853694070049636), (9, 0.5454545454545455), (11, 0.5454545454545455), (4, 0.5222329678670936), (6, 0.5222329678670936), (10, 0.5222329678670936), (7, 0.4351941398892447), (8, 0.4351941398892447), (12, 0.40201512610368484), (5, 0.38138503569823695)]
周翔宇
[(4, 0.7833494518006403), (1, 0.6963106238227914), (3, 0.6963106238227914), (2, 0.6689936080056728), (11, 0.6363636363636365), (6, 0.6092717958449425), (10, 0.6092717958449425), (9, 0.5454545454545455), (7, 0.5222329678670936), (8, 0.5222329678670936), (5, 0.4767312946227962), (12, 0.30151134457776363)]
韩梦琪
[(1, 0.8703882797784892), (4, 0.6963106238227914), (9, 0.5454545454545455), (11, 0.5454545454545455), (3, 0.5222329678670936), (6, 0.5222329678670936), (10, 0.5222329678670936), (2, 0.5017452060042545), (5, 0.38138503569823695), (7, 0.34815531191139576), (8, 0.34815531191139576), (12, 0.20100756305184242)]
高天翔
[(11, 0.8181818181818183), (10, 0.7833494518006403), (2, 0.7526178090063819), (9, 0.7272727272727274), (3, 0.6963106238227914), (6, 0.6963106238227914), (7, 0.6963106238227914), (8, 0.6963106238227914), (4, 0.6092717958449425), (1, 0.5222329678670936), (12, 0.502518907629606), (5, 0.2860387767736777)]
郭晓峰
[(6, 0.7833494518006403), (11, 0.7272727272727274), (1, 0.6963106238227914), (4, 0.6963106238227914), (10, 0.6092717958449425), (2, 0.5853694070049636), (9, 0.5454545454545455), (3, 0.5222329678670936), (7, 0.5222329678670936), (8, 0.5222329678670936), (12, 0.40201512610368484), (5, 0.38138503569823695)]
徐子涵
[(6, 0.8703882797784892), (3, 0.7833494518006403), (4, 0.7833494518006403), (2, 0.7526178090063819), (9, 0.7272727272727274), (1, 0.6963106238227914), (10, 0.6963106238227914), (11, 0.6363636363636365), (7, 0.6092717958449425), (8, 0.6092717958449425), (5, 0.5720775535473555), (12, 0.40201512610368484)]
吴思远
[(3, 0.7833494518006403), (4, 0.7833494518006403), (2, 0.7526178090063819), (1, 0.6963106238227914), (6, 0.6963106238227914), (10, 0.6963106238227914), (9, 0.6363636363636365), (11, 0.6363636363636365), (7, 0.6092717958449425), (8, 0.6092717958449425), (5, 0.5720775535473555), (12, 0.40201512610368484)]
何雨薇
[(1, 0.6963106238227914), (3, 0.6092717958449425), (7, 0.6092717958449425), (8, 0.6092717958449425), (2, 0.5853694070049636), (9, 0.5454545454545455), (11, 0.5454545454545455), (4, 0.5222329678670936), (6, 0.5222329678670936), (10, 0.5222329678670936), (12, 0.30151134457776363), (5, 0.2860387767736777)]
邓文轩
[(10, 0.8703882797784892), (2, 0.836242010007091), (3, 0.7833494518006403), (7, 0.7833494518006403), (8, 0.7833494518006403), (9, 0.7272727272727274), (11, 0.7272727272727274), (6, 0.6963106238227914), (1, 0.5222329678670936), (4, 0.5222329678670936), (12, 0.502518907629606), (5, 0.2860387767736777)]
曹梦婷
[(1, 0.6963106238227914), (4, 0.6963106238227914), (6, 0.6092717958449425), (11, 0.5454545454545455), (3, 0.5222329678670936), (7, 0.5222329678670936), (8, 0.5222329678670936), (2, 0.5017452060042545), (9, 0.45454545454545464), (10, 0.4351941398892447), (5, 0.38138503569823695), (12, 0.20100756305184242)]
沈乐天
[(5, 0.8432740427115678), (12, 0.6666666666666665), (1, 0.48112522432468824), (4, 0.48112522432468824), (3, 0.3849001794597506), (6, 0.3849001794597506), (2, 0.36980013081681945), (9, 0.30151134457776363), (11, 0.30151134457776363), (10, 0.2886751345948129), (7, 0.19245008972987526), (8, 0.19245008972987526)]
韩俊杰
[(5, 0.6324555320336759), (12, 0.4444444444444444), (1, 0.3849001794597506), (4, 0.3849001794597506), (6, 0.3849001794597506), (7, 0.3849001794597506), (8, 0.3849001794597506), (9, 0.30151134457776363), (3, 0.2886751345948129), (2, 0.2773500981126146), (11, 0.20100756305184242), (10, 0.19245008972987526)]
罗雅琪
[(6, 0.8703882797784892), (11, 0.7272727272727274), (1, 0.6963106238227914), (4, 0.6963106238227914), (10, 0.6963106238227914), (2, 0.6689936080056728), (9, 0.6363636363636365), (3, 0.6092717958449425), (7, 0.6092717958449425), (8, 0.6092717958449425), (12, 0.502518907629606), (5, 0.4767312946227962)]
黎明轩
[(7, 0.6963106238227914), (8, 0.6963106238227914), (3, 0.6092717958449425), (4, 0.6092717958449425), (6, 0.6092717958449425), (2, 0.5853694070049636), (9, 0.5454545454545455), (1, 0.5222329678670936), (10, 0.5222329678670936), (5, 0.4767312946227962), (11, 0.45454545454545464), (12, 0.30151134457776363)]
李莉
[(3, 0.7833494518006403), (2, 0.7526178090063819), (9, 0.7272727272727274), (7, 0.6963106238227914), (8, 0.6963106238227914), (10, 0.6963106238227914), (11, 0.6363636363636365), (1, 0.6092717958449425), (4, 0.6092717958449425), (6, 0.6092717958449425), (12, 0.40201512610368484), (5, 0.38138503569823695)]
